gridtype = lonlat
ysize = 125
xsize = 395
yvals = 27.7669906616211 27.7961273193359 27.8252639770508
    27.8543853759766 27.8835144042969 27.9126205444336 27.9417343139648
    27.970832824707 27.9999237060547 28.0289916992188 28.0580749511719
    28.0871505737305 28.1162033081055 28.1452484130859 28.1742858886719
    28.2033309936523 28.2323608398438 28.2613754272461 28.2903747558594
    28.3193893432617 28.3483734130859 28.3773651123047 28.4063491821289
    28.4353103637695 28.4642868041992 28.4932327270508 28.5221786499023
    28.5511245727539 28.5800552368164 28.6089706420898 28.6378936767578
    28.6668014526367 28.6957015991211 28.7245941162109 28.7534713745117
    28.7823486328125 28.8112182617188 28.8400802612305 28.8689346313477
    28.8977661132812 28.9266052246094 28.9554290771484 28.9842529296875
    29.0130615234375 29.0418701171875 29.0706558227539 29.0994491577148
    29.1282348632812 29.1569976806641 29.1857681274414 29.2145233154297
    29.2432632446289 29.2720108032227 29.3007354736328 29.329460144043
    29.3581771850586 29.3868789672852 29.4155807495117 29.4442672729492
    29.4729537963867 29.5016250610352 29.5302810668945 29.5589447021484
    29.5876007080078 29.6162338256836 29.6448669433594 29.6735000610352
    29.7021179199219 29.7307205200195 29.7593307495117 29.7879180908203
    29.8165130615234 29.8450775146484 29.873649597168 29.9021987915039
    29.9307632446289 29.9593048095703 29.9878387451172 30.0163650512695
    30.0448837280273 30.0733947753906 30.1019058227539 30.1304016113281
    30.1588821411133 30.1873626708984 30.2158279418945 30.2442855834961
    30.2727432250977 30.3011932373047 30.3296203613281 30.3580627441406
    30.386474609375 30.4148864746094 30.4432907104492 30.4716873168945
    30.5000762939453 30.528450012207 30.5568237304688 30.5851821899414
    30.6135406494141 30.6418838500977 30.6702270507812 30.6985473632812
    30.7268753051758 30.7551803588867 30.7834854125977 30.8117752075195
    30.8400726318359 30.8683624267578 30.8966217041016 30.9248886108398
    30.9531326293945 30.9813842773438 31.0096206665039 31.0378570556641
    31.0660781860352 31.0942916870117 31.1224975585938 31.1506958007812
    31.1788711547852 31.2070541381836 31.235221862793 31.2633895874023
    31.2915344238281 31.3196868896484
xfirst = 81.8587799072266
xinc = 0.03294372558589487
